Recent on Home:
675, 2927330289, 2025/2927330289.jpg, 2025
525, 2927330286, 2025/2927330286.jpg, 2025
540, 2927330284, 2025/2927330284.jpg, 2025
601, 2927283303, 2025/2927283303.jpg, 2025
554, 2927283301, 2025/2927283301.jpg, 2025
678, 2927283137, 2025/2927283137.jpg, 2025

Target Search:
2307, 2414216715, 2016/2414216715.jpg, 2016
2308, 2414217026, 2016/2414217026.jpg, 2016
2309, 2414216660, 2016/2414216660.jpg, 2016
2310, 2414216884, 2016/2414216884.jpg, 2016
2311, 2414218115, 2016/2414218115.jpg, 2016
2312, 2414216892, 2016/2414216892.jpg, 2016
2313, 2414216879, 2016/2414216879.jpg, 2016
2314, 2414216312, 2016/2414216312.jpg, 2016
2315, 2414216716, 2016/2414216716.jpg, 2016
2316, 2414216529, 2016/2414216529.jpg, 2016
2317, 2414215965, 2016/2414215965.jpg, 2016
2319, 2414216672, 2016/2414216672.jpg, 2016
2320, 2414216670, 2016/2414216670.jpg, 2016
2321, 2414216328, 2016/2414216328.jpg, 2016
2322, 2414217022, 2016/2414217022.jpg, 2016
2324, 2414216513, 2016/2414216513.jpg, 2016
2325, 2414216659, 2016/2414216659.jpg, 2016
2326, 2414216895, 2016/2414216895.jpg, 2016
2330, 2414216213, 2016/2414216213.jpg, 2016
2331, 2414216561, 2016/2414216561.jpg, 2016
2332, 2414216367, 2016/2414216367.jpg, 2016
2333, 2414216205, 2016/2414216205.jpg, 2016
2334, 2414216204, 2016/2414216204.jpg, 2016
2335, 2414217085, 2016/2414217085.jpg, 2016
2336, 2414217052, 2016/2414217052.jpg, 2016
2337, 2414215889, 2016/2414215889.jpg, 2016
2338, 2414216199, 2016/2414216199.jpg, 2016
2339, 2414218167, 2016/2414218167.jpg, 2016
2343, 2414216349, 2016/2414216349.jpg, 2016
2346, 2414217043, 2016/2414217043.jpg, 2016
2347, 2414217069, 2016/2414217069.jpg, 2016
2348, 2414217041, 2016/2414217041.jpg, 2016
2351, 2414216564, 2016/2414216564.jpg, 2016
2352, 2414217054, 2016/2414217054.jpg, 2016
2353, 2414215841, 2016/2414215841.jpg, 2016
2354, 2414215934, 2016/2414215934.jpg, 2016
2356, 2414215897, 2016/2414215897.jpg, 2016
2358, 2414218141, 2016/2414218141.jpg, 2016
2360, 2414216224, 2016/2414216224.jpg, 2016
2361, 2414216219, 2016/2414216219.jpg, 2016
2363, 2414216547, 2016/2414216547.jpg, 2016
2365, 2414216142, 2016/2414216142.jpg, 2016
2366, 2414218186, 2016/2414218186.jpg, 2016
2367, 2414216544, 2016/2414216544.jpg, 2016
2369, 2414217061, 2016/2414217061.jpg, 2016
2370, 2414216343, 2016/2414216343.jpg, 2016
2371, 2414216697, 2016/2414216697.jpg, 2016
2372, 2414216907, 2016/2414216907.jpg, 2016
2373, 2414218283, 2016/2414218283.jpg, 2016
2374, 2414216537, 2016/2414216537.jpg, 2016
2375, 2414216899, 2016/2414216899.jpg, 2016
2376, 2414216509, 2016/2414216509.jpg, 2016
2377, 2414216535, 2016/2414216535.jpg, 2016
2378, 2414216905, 2016/2414216905.jpg, 2016
2379, 2414216291, 2016/2414216291.jpg, 2016
2380, 2414218294, 2016/2414218294.jpg, 2016
2381, 2414216865, 2016/2414216865.jpg, 2016
2382, 2414216685, 2016/2414216685.jpg, 2016
2383, 2414216691, 2016/2414216691.jpg, 2016
2385, 2414216294, 2016/2414216294.jpg, 2016
2386, 2414216335, 2016/2414216335.jpg, 2016
2387, 2414216043, 2016/2414216043.jpg, 2016
2389, 2414216903, 2016/2414216903.jpg, 2016
2390, 2414216042, 2016/2414216042.jpg, 2016
2392, 2414216308, 2016/2414216308.jpg, 2016
2393, 2414218319, 2016/2414218319.jpg, 2016
2394, 2414216122, 2016/2414216122.jpg, 2016
